1 0.00641394 3.11821e+07
2 0.117746 1.69857e+06
3 0.0951259 2.10248e+06
4 0.076324 2.62041e+06
5 0.078068 2.56187e+06
6 0.070653 2.83074e+06
7 0.078347 2.55275e+06
8 0.0766778 2.60832e+06
9 0.0761869 2.62512e+06
10 0.0760181 2.63095e+06
11 0.082638 2.42019e+06
12 0.0716341 2.79197e+06
13 0.074631 2.67985e+06
14 0.756456 264391
15 0.106188 1.88345e+06
16 0.072396 2.76258e+06
17 0.0954978 2.09429e+06
18 0.329219 607498
19 0.105437 1.89687e+06
20 0.0855291 2.33839e+06
21 0.083406 2.39791e+06
22 0.913363 218971
23 0.240067 833101
24 0.125398 1.59492e+06
25 0.23684 844453
26 0.08446 2.36798e+06
27 0.0839992 2.38098e+06
28 0.297872 671430
29 0.456562 438057
30 0.107983 1.85214e+06
31 0.66145 302366
32 0.13484 1.48324e+06
33 0.106812 1.87245e+06
34 0.0920458 2.17283e+06
35 0.807431 247699
36 0.406819 491619
37 0.136673 1.46335e+06
38 0.159094 1.25712e+06
39 0.30772 649942
40 0.461707 433175
41 0.213694 935917
42 0.168503 1.18692e+06
43 0.125525 1.59331e+06
44 1.46306 136700
45 0.807672 247625
46 0.280884 712038
47 0.831152 240630
48 3.97004 50377.3